20
1581945094 9999991 1 9999991 9999989 159999857 489999556 549999396 719999209
980046644627629799 9 123456 18 10000000 831918484 451864686 840000324 650000765
930033404565174954 102400 15000 9699690 9748872 620781129 950572528 311963986 692169969
21226979124954459 1992450 782255 2704224 4505616 370983767 153300418 852618302 706520016
47024811 9999991 1 9999991 9999989 729999344 309999719 789999132 309999659
81834165 9999991 1 9999991 9999989 389999650 169999844 799999121 149999837
739825879172045328 2683878 7208112 2912862 8898138 631358954 451401022 51028288 625542185
907005781191085944 1 5 9999949 9999991 839995717 809995867 459999587 579999478
991127410199121019 123456 557 9988776 1025 39955758 719192622 152456585 350827775
567365141997043401 3960606 1985068 4125828 5630794 76825921 901167353 889742167 772908548
1530944270 123456 557 9988776 1025 559372110 918968142 802729910 688062000
1783585506 9999987 1 10000000 999999 990000001 79999998 868999132 81999927
81922551 759324 967048 10000000 9999999 930000001 980000000 29999998 279999972
5 1 4 5 7 1 0 1 2
1708396388 999999 12347 9699690 9748872 727477719 669281518 799407527 906645153
11 2 3 5 7 11 13 17 19
789870595193472657 5360341 675784 8600975 754947 876155896 890899377 754304700 203276021
1175334 9999987 1 10000000 999999 430000001 979999998 673999327 450999558
1606423995 9999909 9999991 9999949 10000000 499997451 929995254 810000001 970000002
6042199 9 123456 18 10000000 39655126 836306508 640000324 90000765
